   5.3000000e+01
   5.3000000e+01
   5.4000000e+01
   5.1000000e+01
   5.1000000e+01
   5.1000000e+01
   5.1000000e+01
   5.2000000e+01
   5.2000000e+01
   5.3000000e+01
   4.7000000e+01
   4.7000000e+01
   4.8000000e+01
   4.8000000e+01
   4.9000000e+01
   4.9000000e+01
   4.2000000e+01
   4.3000000e+01
   5.3000000e+01
   5.3000000e+01
   5.4000000e+01
   5.1000000e+01
   5.1000000e+01
   5.1000000e+01
   5.1000000e+01
   5.2000000e+01
   5.2000000e+01
   5.3000000e+01
   4.4000000e+01
   4.4000000e+01
   4.4000000e+01
   4.4000000e+01
   4.4000000e+01
   4.4000000e+01
   4.5000000e+01
   4.5000000e+01
   4.5000000e+01
   4.5000000e+01
   4.5000000e+01
   4.5000000e+01
   4.5000000e+01
   4.5000000e+01
   4.5000000e+01
   4.5000000e+01
   4.6000000e+01
   4.6000000e+01
   4.6000000e+01
   4.6000000e+01
   4.6000000e+01
   4.6000000e+01
   4.6000000e+01
   5.3000000e+01
   5.3000000e+01
   5.4000000e+01
   5.1000000e+01
   5.1000000e+01
   5.1000000e+01
   5.1000000e+01
   5.2000000e+01
   5.2000000e+01
   5.3000000e+01
   4.7000000e+01
   4.7000000e+01
   4.8000000e+01
   4.8000000e+01
   4.8000000e+01
   4.8000000e+01
   4.8000000e+01
   4.8000000e+01
   4.8000000e+01
   4.8000000e+01
   4.9000000e+01
   4.9000000e+01
   4.9000000e+01
   4.9000000e+01
   4.9000000e+01
   4.9000000e+01
   4.9000000e+01
   5.0000000e+01
   5.0000000e+01
   5.0000000e+01
   5.0000000e+01
   5.0000000e+01
   5.0000000e+01
   5.1000000e+01
   5.1000000e+01
   5.1000000e+01
   5.1000000e+01
   5.2000000e+01
   5.2000000e+01
   5.3000000e+01
   5.3000000e+01
   5.4000000e+01
   5.1000000e+01
   5.1000000e+01
   5.1000000e+01
   5.1000000e+01
